sample0 -0.085 0.429 -1.196 -0.884 0.202 -0.130 -0.184 -0.891 0.529 0.064 -0.120 1.969 -1.102
sample1 -1.570 -1.132 1.796 -0.099 0.389 0.366 -0.808 -1.367 -0.151 1.574 2.821 0.765 0.930
sample2 1.770 -0.421 -1.272 0.861 -0.367 -1.311 -1.843 -0.470 3.275 0.254 1.072 0.748 -0.957
sample3 -0.023 1.631 -2.051 0.932 0.676 0.895 0.552 -1.318
sample4 -0.741 -0.183 -0.074 -3.030 -0.042 -0.313 3.694 0.821 -0.077 1.999 0.737
sample5 0.675 -0.007 -0.441 0.194 -3.237 0.946 -0.262 -0.712 -1.129
sample6 0.288 -2.227 -0.050 0.672 -0.160 0.687 -0.194 0.005 0.434 -0.677
sample7 1.510 -0.417 4.559 0.844 0.345 1.372 -0.341 1.215 10.420
sample8 -0.531 0.210 -1.027 0.761 0.658 -0.445 -0.839 0.987 1.112
sample9 0.431 -0.800 -1.453 0.313 -1.032 -0.752 -1.129 -0.441 -1.019 -0.424 -0.432 0.274 -2.224
