966.779 946.308 950.472 960.653 955.635 967.399 952.516 947.648 953.183 957.431
969.802 943.855 950.850 960.727 957.679 967.203 953.587 948.680 951.859 959.116
965.144 943.902 951.904 961.541 958.057 966.074 952.162 948.333 952.853 957.064
965.781 946.646 953.755 961.203 957.303 966.833 952.829 949.485 951.089 957.979
966.701 944.852 949.146 959.864 953.777 965.270 952.181 945.852 950.558 957.599
966.370 946.595 950.148 960.177 957.069 966.192 951.949 949.493 952.857 956.198
966.388 952.936 950.376 961.500 959.916 966.393 948.294 946.861 951.718 956.861
964.483 945.652 947.935 960.124 956.570 965.737 952.273 949.812 951.576 956.717
965.503 945.110 948.574 960.735 954.733 966.498 952.010 948.785 952.438 954.261
966.743 946.789 948.795 959.899 959.449 967.191 952.859 948.996 952.937 957.338
