9.873
-1.530
8.508
6.963
49.940
-0.500
540.809
403.464
41.071
13.461
-49.809
13.258
-180.109
7.036
-118.353
-9.271
-5.519
465.393
-2002.442
2.041
-115.587
266.474
30.209
-11.492
-69.319
-21.015
21.404
-211.405
-153.921
21.125
-83.487
132.588
-33.842
-81.113
-1.761
-2.031
-3.604
4.785
10.494
-210.563
13.926
-45.768
34.032
18.825
-0.187
-222.342
-9.431
-9.547
3.680
-29.672
-1.263
-24.504
-10.743
2.782
8.360
-89.425
4.332
-16.763
-23.833
-16.351
2.148
-12.705
-7.320
4.390
137.141
129.644
25.974
21.880
0.063
18.623
15.722
-3.483
10.173
41.127
-32.467
12.542
18.299
21.020
7.499
-6.247
-47.652
-22.383
27.525
-15.244
61.608
-0.184
-26.248
-24.541
10.977
16.681
16.550
55.027
5.579
-2.521
-0.237
144.451
-26.864
8.165
23.057
16.579
7.337
429.083
22.778
-9.433
-21.916
-18.370
9.817
-1.077
-31.014
-3.473
80.485
30.861
-17.240
-9.988
-17.225
-12.937
9.794
-15.443
34.701
47.066
-4.466
2.852
-50.665
-1157.402
-656.743
20.501
37.749
61.795
-24.696
20.606
63.447
17.311
9.383
26.164
1.607
-0.343
46.712
0.920
-50.519
7.687
-15.973
7.337
64.689
11.070
-62.589
-172.465
-202.022
-11.590
18.133
-147.376
82.303
-8.302
78.715
-14.930
-9.504
14.952
-28.332
7.272
-12.890
-2.597
-13.499
76.445
95.594
72.319
-22.211
-11.445
-18.199
1607.882
-12.235
46.680
-5.777
6.912
17.259
-45.381
8.178
-2.975
15.117
-0.762
2.789
275.073
11.623
225.673
-19.877
0.466
94.683
51.822
-18.573
-96.331
-14.564
-101.645
-43.817
-21.088
505.310
-26.389
3.090
14.267
12.379
-11.495
-50.694
-227.687
19.057
62.067
-68.942
-77.952
-58.789
306.619
12.544
10.442
-22.695
426.780
-5.216
-59.901
-159.138
-42.886
-26.022
44.812
-15.133
-41.880
-1.259
20.815
44.025
-25.321
30.994
9.146
2.484
-26.940
-16.511
21.296
65.485
1.745
-45.358
43.185
21.977
20.543
-6.307
220.039
-9.314
20.504
-28.993
-20.464
30.353
-61.327
-1274.594
17.150
100.528
-357.102
-3190.825
11.114
17.930
-19.460
315.550
-13.455
-112.986
361.335
0.551
-4.247
2.749
16.313
-60.486
11.677
-15.943
-2.331
-41.169
3.625
-18.392
2.475
38.333
107.961
57.325
-157.377
-34.593
-8.293
-453.936
4.126
15.149
239.852
6.697
-14.813
14.405
-24.857
13.979
1.730
17.755
-120.751
-34.987
182.666
-5.815
35.107
13.555
46.122
15.925
19.647
-25.663
13.602
-64.711
386.271
320.202
-3.406
31.905
-7.153
-11.680
-26.341
69.192
-15.488
-87.383
88.961
-8.068
-0.619
-17.049
-18.969
-8.615
916.497
16.419
334.666
-16.886
74.616
-12.558
-4.511
4.128
-1600.038
-8.443
-1.621
10.008
-51.101
12.821
-37.419
5.864
1.542
23.951
-51.424
4.766
40.486
14.058
54.722
-8.884
181.880
114.907
29.752
-22.491
586.755
-24.062
18.774
496.763
27.101
306.879
-219.094
44.738
-1.548
-0.895
-1445.205
-50.302
3.785
98.979
11.609
20.841
-436.343
3.790
48.763
-143.347
6.768
-959.399
-38.162
-87.348
21.627
5.241
15.936
17.226
-16.359
-122.060
-14.804
-279.087
15.799
177.122
21.100
-71.104
-25.033
-9.356
133.058
33.122
-79.794
17.778
-35.406
-34.848
-11.266
5.832
-6.102
53.387
-11.609
20.531
3.591
6.301
-71.906
-70.215
42.993
-45.039
7.684
-0.150
-17.029
104.669
-31.774
49.801
-16.284
-2.704
-15.142
15.629
53.820
-116.299
14.708
322.456
8.953
-111.642
-26.194
653.969
63.574
86.790
17.493
0.922
74.309
-11.480
451.282
1.329
10.384
16.885
-0.501
71.575
-35.160
15.996
12.532
32.273
-70.409
52.620
17.372
-45.711
11.729
-11.351
29.348
-320.922
10.729
-11.241
103.354
-54.903
83.951
16.305
-9.167
-61.280
-6.140
94.798
-7.176
-79.201
1.936
-4.814
19.247
16.081
20.978
-12.937
-13.420
98.121
13.706
-12119.429
-20.945
30.075
-69.146
-63.826
-172.454
-2.567
7.120
-207.866
-2.202
34.478
-22.451
-9.975
15.745
-50.764
-6.702
-99.902
27.332
32.592
38.009
-8.430
-788.653
-13.621
15.569
39.777
69.619
0.387
149.505
32.180
-27.124
-89.106
-30.006
23.758
-8.681
-24.436
265.779
2.401
200.562
-9.707
7.677
59.039
40.473
