-79.404
-87.106
-458.711
100.090
-583.253
82.328
-17.056
-545.063
-28.353
99.576
102.711
102.222
79.218
65.585
92.225
-463.208
-401.243
-55.811
99.215
-72.417
117.677
-432.580
-85.481
-376.709
-53.964
-52.777
68.190
-42.188
-506.981
111.033
-532.621
-79.969
95.613
-525.137
-481.845
-59.285
-379.603
-385.450
-58.416
84.696
-56.464
-76.638
-442.838
-488.563
91.148
-390.666
144.053
87.780
96.346
80.238
-380.545
-36.758
-273.266
-516.518
-70.652
-65.387
94.166
119.351
-60.038
-541.420
129.411
-368.142
-569.257
84.957
140.204
-57.307
68.197
-74.422
-29.237
123.291
-57.428
109.687
-477.781
-450.565
-52.567
-31.773
-76.587
97.690
124.034
-442.893
-52.638
-60.348
-68.030
72.125
-55.390
-63.009
-342.738
-73.967
107.970
117.495
124.326
-57.599
55.197
-439.791
82.164
113.314
-75.335
-73.881
-41.231
-408.260
-31.758
-75.979
-54.894
126.086
-468.703
113.270
-57.129
-414.348
105.278
112.028
-67.196
-50.961
75.674
-379.254
-579.415
144.942
-417.060
154.470
158.490
-52.345
-429.790
-475.163
117.797
-503.093
-455.086
-58.213
130.494
-69.149
-459.887
-49.442
72.486
-34.800
116.831
-85.908
79.564
-33.583
-79.496
-41.588
-42.177
90.118
-334.400
-556.195
-488.760
-63.374
-392.284
113.457
93.211
121.318
90.970
-405.433
128.087
-44.272
112.165
-38.557
-65.851
-457.252
-458.159
-40.071
-394.784
-63.696
-543.875
-43.090
121.197
101.095
-524.496
87.798
-476.283
109.527
-71.308
-62.154
-65.461
-62.880
-52.886
-47.169
-579.761
-60.113
-398.351
-474.068
-57.992
107.706
-424.685
-566.530
101.340
109.666
-469.828
-467.206
103.775
-449.630
121.642
-51.234
89.672
97.870
138.889
-51.104
-78.224
100.675
114.734
31.250
-50.401
-44.161
69.031
-46.023
129.177
71.342
-454.343
111.654
-432.825
-377.778
-361.466
-434.202
-45.139
-60.531
-21.865
-352.314
117.164
-51.422
114.451
-424.222
109.650
-69.697
131.062
-450.714
-39.139
95.159
77.975
123.494
-347.871
-42.043
-471.677
106.735
-36.130
-427.702
-462.779
-352.660
89.620
79.666
-22.537
-504.833
-60.315
-423.652
-396.558
-517.326
-61.108
-40.818
-520.855
-430.351
-44.154
-331.220
-444.787
-435.761
-25.682
95.081
112.234
-457.242
82.282
-59.728
-437.321
-386.129
-48.462
-525.532
-75.923
-55.010
94.047
107.781
101.976
-396.119
105.005
84.597
-464.657
-462.937
127.578
-426.622
-411.938
-421.587
-434.091
77.612
-68.971
-54.117
-419.190
-534.693
-508.387
105.909
-403.441
59.064
-397.397
90.809
-63.474
-466.324
124.314
-406.215
-48.820
-82.650
86.320
95.767
-61.539
-47.355
-84.109
-439.288
-49.313
-72.012
-445.031
-592.582
-75.085
-397.384
127.997
-93.683
-62.226
-401.847
-69.071
-42.523
106.387
98.670
-392.356
-46.846
-61.421
95.281
92.158
74.945
-43.253
-531.651
-49.805
141.628
-475.231
-67.855
76.304
-484.808
96.501
-320.044
140.440
-399.911
79.640
-55.758
145.921
-494.592
-48.773
-62.200
76.041
-389.228
-43.639
-58.232
-68.564
61.690
103.815
-33.567
-394.830
-416.373
76.656
-59.716
-395.013
134.041
-477.733
131.037
71.088
-402.677
-52.919
115.577
113.596
-358.295
-418.261
81.723
-59.542
-458.854
-415.687
87.599
102.924
-414.944
108.865
-53.808
-49.156
-40.450
-54.216
86.430
119.423
78.137
113.404
-336.869
-426.745
-74.252
-65.638
-69.719
-42.497
-489.284
-67.257
-359.295
-40.086
82.702
101.242
-388.382
-54.770
-52.107
-74.058
-49.804
-431.665
96.059
-62.953
-45.422
-65.924
48.400
-90.958
139.810
135.524
-84.325
-489.844
-391.757
141.280
-54.335
-49.535
-511.061
-636.101
86.311
-64.586
-499.813
126.330
-39.240
-602.055
-39.377
-500.481
139.607
-499.955
81.289
-61.550
-34.609
-598.636
-59.721
-69.220
-51.187
-57.577
-444.957
-444.316
75.938
-52.599
-45.498
-421.278
-80.523
109.152
-42.575
-67.503
79.329
-428.529
122.913
-509.485
-534.778
111.693
73.989
-368.682
-47.704
-49.151
-520.677
96.589
84.341
-56.159
96.842
-368.784
109.879
107.881
-427.442
-448.627
94.682
91.896
-466.374
-49.144
-42.544
-362.655
-359.107
-44.928
-48.845
140.119
136.306
-405.665
-323.019
-435.684
-431.750
-36.928
100.872
-408.151
-38.521
111.823
-469.539
-17.302
-75.403
118.330
-72.318
-378.042
139.906
92.898
-436.734
-412.499
54.597
-547.768
105.177
-379.497
-45.898
-49.130
-447.730
-378.358
-70.332
-70.445
114.269
-395.947
87.006
