783.1 1115.0
891.2 1200.9
825.8 1195.1
706.3 984.1
880.3 1206.0
838.8 1142.9
884.5 1250.1
925.2 1255.7
876.8 1182.0
837.3 1185.7
869.8 1157.5
766.5 1108.6
782.0 1128.1
910.6 1266.4
932.1 1238.3
831.8 1164.6
726.0 1034.3
756.4 1042.0
896.1 1261.1
759.1 1078.9
886.9 1178.9
735.5 1047.6
822.6 1127.1
820.4 1111.2
839.0 1167.2
913.4 1259.2
949.7 1265.6
681.2 985.0
981.1 1297.2
730.1 1091.9
709.1 1020.5
938.6 1274.9
813.7 1104.4
753.4 1077.5
694.6 990.0
981.6 1306.6
885.7 1237.9
737.0 1100.9
753.1 1062.1
843.1 1192.3
894.6 1213.5
718.1 1055.0
900.0 1287.0
866.9 1192.0
842.7 1185.5
673.5 1013.1
915.4 1240.7
825.0 1145.6
816.1 1132.5
724.6 1071.6
834.4 1164.1
800.6 1137.0
890.4 1196.5
925.2 1276.6
787.7 1132.2
744.7 1076.7
872.9 1190.4
913.4 1292.6
1019.2 1350.4
793.3 1126.1
842.3 1148.0
899.1 1230.5
709.4 1027.5
961.8 1267.4
709.4 1069.5
697.2 1017.5
753.9 1084.2
633.7 960.4
931.2 1243.3
829.7 1181.0
821.8 1138.5
810.2 1106.3
968.8 1341.7
731.5 1042.0
846.2 1155.8
817.5 1105.8
730.3 1103.4
910.8 1215.3
697.2 1015.5
795.4 1154.8
857.1 1188.5
890.5 1234.6
885.0 1181.2
834.2 1185.0
844.3 1173.6
918.0 1270.7
848.7 1178.9
725.2 1048.0
823.9 1190.5
744.6 1066.8
614.5 953.1
856.5 1167.1
944.7 1252.6
850.4 1205.3
924.7 1268.2
850.2 1181.1
702.2 1039.6
845.2 1186.8
709.0 1022.9
952.2 1305.3
935.9 1254.5
823.6 1185.9
707.6 1053.1
733.9 1048.0
725.6 1028.8
903.8 1225.9
817.8 1163.0
962.9 1256.7
949.7 1283.1
839.8 1166.9
714.2 1054.5
946.5 1235.4
923.1 1231.5
830.2 1126.9
762.5 1042.4
717.8 1023.7
639.4 987.2
837.1 1180.4
815.5 1127.3
801.9 1137.4
749.6 1074.0
862.2 1210.5
963.2 1305.7
855.6 1217.2
851.6 1149.8
679.5 1024.0
852.3 1203.6
700.5 1034.1
850.3 1168.3
879.1 1197.0
912.1 1268.4
703.6 1054.4
724.9 1074.7
946.9 1247.3
857.7 1211.1
912.6 1222.7
759.0 1062.7
833.1 1147.3
851.7 1216.2
741.8 1042.1
955.1 1326.3
897.6 1211.6
899.6 1224.2
977.7 1317.7
726.8 1064.5
810.5 1096.9
1045.7 1404.3
640.7 986.4
812.2 1135.2
989.3 1316.7
712.3 1074.2
770.0 1066.2
929.1 1261.9
746.3 1073.3
822.0 1152.5
1002.8 1305.7
776.8 1110.0
801.0 1164.4
897.4 1235.2
728.2 1088.2
741.1 1053.7
783.1 1064.3
977.1 1296.9
600.7 954.6
781.7 1108.1
892.1 1217.1
887.3 1239.8
873.5 1222.5
953.2 1277.7
867.6 1179.0
801.1 1112.9
821.6 1180.2
698.2 1006.6
703.2 1030.6
867.4 1210.2
653.7 956.3
924.7 1244.1
882.4 1178.3
800.9 1114.4
865.6 1208.0
663.2 1010.4
782.9 1065.7
788.9 1102.0
891.7 1269.9
869.2 1203.6
790.9 1102.2
699.3 1017.5
905.7 1262.5
726.8 1021.1
805.0 1159.5
717.2 1061.3
738.5 1053.4
835.1 1160.3
922.8 1232.8
952.2 1264.3
823.5 1153.0
692.5 1018.1
802.8 1137.8
824.9 1100.1
822.8 1192.1
