6934.9 4119.6
5959.3 3842.8
6018.9 4030.1
6018.4 5235.8
6693.0 5348.6
4968.0 4084.6
7709.4 4254.6
6257.8 5580.6
6287.0 5571.1
5385.8 4110.6
6765.7 5191.0
5896.6 4813.8
5610.5 5060.6
6711.7 4765.3
6484.2 3120.8
4869.0 4749.0
6039.1 6529.5
6398.0 5537.0
5350.1 4350.8
5699.5 5550.2
5984.9 5491.1
7180.4 5224.9
6147.8 5083.0
5870.6 4192.8
4922.2 5310.9
6426.6 5165.6
5299.8 5331.3
5344.9 5413.4
7236.3 4054.7
5306.4 4675.0
6470.9 4129.6
5167.3 5509.1
4890.2 5774.1
6904.5 4422.5
6583.6 5507.0
5180.3 4905.2
6002.7 4008.7
6718.5 4798.2
5070.3 5554.7
6366.2 4556.3
6429.9 4342.3
6063.4 4878.0
7790.7 5861.3
6821.5 4192.0
6554.7 4491.2
5167.5 4318.3
5852.7 4726.2
5413.9 4116.3
6377.0 4618.8
7605.5 4216.2
6482.5 4457.3
7282.6 3943.0
5916.7 3770.9
6965.7 4347.6
6186.2 6571.6
6264.6 5173.3
5044.9 5288.2
6298.0 5381.4
6689.6 4597.3
5613.4 4114.2
5989.4 5107.0
6441.8 4906.4
4968.8 3507.4
5065.1 4226.5
5789.6 4658.6
6057.1 3360.3
5493.3 4162.1
6121.4 5773.5
5357.1 4679.0
5801.3 4037.8
5673.1 3780.2
5644.7 5051.8
6066.3 4942.2
7112.9 4638.0
7050.7 4438.7
6860.4 4411.3
6135.3 4813.2
6231.0 5193.6
6997.5 4675.9
5861.0 4180.7
5504.4 4147.6
5908.2 4553.5
4924.6 5019.1
5894.3 6802.1
5939.4 4883.8
7040.8 3619.9
6482.1 4593.5
6798.2 4588.6
5349.8 3419.4
6389.6 4335.5
4996.7 4997.1
5919.3 3970.6
7555.8 3442.9
7167.4 5746.7
5263.6 4937.6
6173.6 6155.1
7003.0 4802.9
6313.5 5522.4
5741.7 4287.2
4930.1 4588.6
6392.4 3250.1
6009.6 5231.8
6105.0 4749.9
5884.8 5403.5
5905.6 5777.0
6752.6 4152.9
5829.1 3753.8
5822.7 5182.9
6049.5 4751.5
7069.1 4917.4
5064.1 3759.1
5793.2 5417.8
5036.1 4805.0
6815.6 5987.4
5924.0 3965.8
5823.4 5289.9
6739.4 3974.0
5917.1 4422.6
5472.4 5882.3
5558.3 4945.9
6191.2 4160.4
6113.8 3902.0
6725.2 4600.0
4861.7 4793.8
5443.9 3929.4
5949.2 5096.9
5845.9 4902.2
6358.7 4953.6
6394.1 4803.5
7197.4 4000.6
5468.5 4460.1
6427.6 5002.7
7867.9 4955.0
7289.3 5035.0
8364.6 3900.5
6133.5 4689.3
5242.1 4745.6
6097.5 5109.3
5819.2 4748.8
5288.8 5513.8
6516.5 5453.0
5680.0 5241.2
5611.6 4830.5
6028.6 4493.2
7140.1 4656.8
6371.7 3830.2
5761.7 4860.8
6570.3 5005.7
5408.7 4909.0
6120.6 5917.9
5475.4 3844.6
6372.9 5809.2
6341.9 4403.6
6291.2 5216.2
6080.4 5229.2
6614.7 5391.3
6032.6 4855.8
5591.5 5297.2
6481.3 4207.7
5532.0 4759.5
5989.0 3497.3
4834.8 5277.4
6175.8 4967.7
5369.2 4180.1
6061.8 3702.1
7153.5 5053.2
7243.1 3928.9
5362.0 3748.9
6124.3 4770.0
6566.0 4202.6
6306.7 4252.7
7296.0 4426.7
5218.3 3812.7
6805.1 4890.6
6632.7 4312.5
7021.5 5220.8
6406.2 5171.4
6042.7 4165.8
5855.8 4676.9
7271.9 4758.2
6844.4 6032.1
6436.5 4243.5
6375.8 4474.1
5979.0 5039.0
7698.1 4148.6
4871.3 4703.0
7282.7 3310.9
6405.7 3964.1
5388.2 3767.3
5551.4 4089.5
7534.6 5899.4
6347.6 4812.6
5693.0 4382.8
7365.6 3584.8
6287.8 4651.7
4950.3 5079.7
5700.7 3777.9
5697.7 4782.7
6779.2 6489.2
6568.7 3827.6
