-0.9763 0.0083
-0.8274 -1.2777
0.5196 -0.0080
0.2147 -0.3537
-0.9417 1.3699
-0.4306 -0.6468
-1.0066 -1.4049
0.3241 0.4272
0.9446 0.0120
-0.6911 0.0250
0.4440 -0.7321
-0.1912 -0.2423
0.7241 -1.0772
0.6062 0.0394
0.7498 1.1916
-0.1785 -0.3498
0.3331 -0.6181
0.0894 -0.0589
0.8082 -0.0204
-0.9511 1.4717
0.7186 0.0495
-0.6586 1.0008
-0.9634 -1.4647
-0.9528 -1.4495
-1.0046 1.4908
-0.0429 -0.0460
-0.3712 0.4795
0.5046 0.7788
-0.6071 0.0285
0.4617 -0.0453
-0.2766 0.3003
-0.5866 -0.0326
0.5082 -0.0190
-0.2603 0.4377
-0.4495 -0.0203
-1.1097 -1.4739
-0.9780 -1.4707
-0.3086 0.0337
0.9536 0.0026
0.2309 -0.0227
0.3159 -0.4806
-0.1719 -0.0375
-0.2929 -0.4867
-0.5282 0.0488
0.5234 -0.7415
0.2179 -0.2564
0.8517 0.0334
-0.5020 0.0223
-0.0772 0.0061
0.3273 0.3268
0.7449 1.2532
0.6258 0.0176
-0.5982 -0.8903
0.2318 0.0481
-0.8050 -1.1544
-0.7808 0.0375
0.8298 1.2128
-0.4065 0.7286
-0.4455 0.0256
-0.3668 -0.4714
0.5153 -0.7543
0.6672 1.1682
0.7772 1.2539
-0.4030 -0.5223
0.0687 -0.2188
-0.9140 -0.0236
0.8289 0.0280
0.2194 -0.0163
-0.7911 -1.2406
-0.5846 0.8836
0.8397 -0.0084
-0.0304 -0.0041
0.9374 1.3960
0.6707 -1.0094
0.0029 -0.0506
-0.2645 0.3603
0.4478 0.0372
0.0022 -0.0387
0.6829 1.0241
-0.1315 -0.2220
-0.5633 0.8235
-0.3786 -0.0290
-0.0199 -0.0027
-0.1278 -0.2794
0.5960 0.9884
0.8166 -0.0422
-1.0262 -1.4342
1.0215 -1.4076
-0.5216 -0.7531
-1.0053 0.0250
-0.9275 1.3930
0.2666 0.3860
0.3416 0.4924
-0.7956 -1.2048
0.7446 1.0811
0.9632 -1.4986
-0.0567 0.1389
0.5898 -0.9545
-0.5020 0.6849
0.3040 0.4583
0.1057 -0.1189
-0.6362 -1.0014
-0.7333 0.9900
-0.5738 0.9547
-0.0264 -0.0811
0.5992 0.7729
-0.9742 0.0010
-0.3494 -0.4875
0.0198 -0.0280
-0.3913 0.0484
0.5444 0.0076
0.2058 -0.3599
-0.6857 1.1037
-0.6834 -0.0386
-0.1355 0.2595
0.1664 0.0135
0.1241 -0.1086
-0.4191 0.0462
0.8823 -1.3817
0.8460 -0.0156
-0.7923 -1.2688
-0.6638 0.0207
-0.9233 -1.4115
0.7443 -1.1130
0.5287 -0.0347
-0.0898 0.1239
0.7897 -1.1926
-0.1071 0.1713
0.6478 0.0251
-0.1862 -0.1934
-0.7304 1.0704
-0.2127 0.0431
0.1439 0.3073
-0.1710 0.1705
0.5143 0.0396
-0.2956 -0.4895
-0.3933 0.5647
1.0686 0.0079
-0.0217 -0.0353
0.8545 -1.2375
0.8061 -1.3479
0.4739 0.7866
-0.4347 0.6791
-0.8838 -1.3427
1.0073 0.0160
0.8835 1.3142
0.5718 -0.8725
-0.8158 1.3789
0.0771 0.0270
-0.9478 1.4213
