2.308
33.424
7875.164
3.323
4.391
2.491
1.230
3.090
1.315
5.431
1.053
1.769
30.128
1.098
9.001
35.739
4.396
1.397
1.519
5.676
4.313
1.798
1.483
4.303
2.427
7.678
3.125
1.190
20.308
1.204
1.346
14.560
1.005
1.815
1.420
1.234
5.561
2.040
7.395
5.143
1.766
16.101
1.987
3.677
15.779
1.161
1.509
4.117
4.145
1.417
1.405
3.229
1.979
16.605
1.199
11.467
7.401
2.150
1.191
4.071
219.575
6.327
7.096
9.455
1.778
2.343
1.418
1.362
37.194
6.348
1.200
25.138
186.269
106.132
1.726
1.773
3.963
2.082
1.873
1.282
1.543
2.185
6.363
19.178
177.580
2.211
1.212
64.865
1.059
19.389
1576.902
34.521
54.091
2.094
1.875
1.482
2.060
25.546
1.950
11.449
1.327
2.392
198.639
17.182
29.952
1.236
1.114
2.275
3.371
1.894
3.996
1.356
2.159
48.711
2.461
3.634
3.239
3.415
1.428
45.257
3.445
3.708
3.363
24.635
3.391
22.703
1.119
3.605
21.633
1.483
1054.408
1.249
13.394
1.725
1.885
2.625
5.403
142.329
31.384
32.699
4.089
3.150
4.052
5.592
3.009
1.179
2.066
7.486
25.913
7.284
4.918
12.317
3.098
1460.363
3.528
1.514
22.105
1.190
2.388
2.950
2.318
8.613
2.087
1.349
1.250
3.071
4.043
1.988
3.730
1.196
46.296
3.676
87.232
4.194
1.170
4.292
10.465
12.744
82.798
4.738
5.128
1.663
9.566
18.481
3.589
62.675
4.465
1.278
11.486
2.124
1.281
3.880
1.201
4.773
2.417
4.992
163.215
1.652
1.694
16.963
2.928
8.627
6.436
7.801
1.960
1.089
3.880
3.979
2.165
3.982
1.160
1.156
2.949
1.255
17.283
1.270
1.547
19.901
1.029
149.532
27.976
22.330
5.557
20.456
144.373
2.201
23.755
219.513
5.913
10.835
191.731
15.339
1.867
5.834
41.422
3.524
194.491
1.851
3.032
89.888
1.599
1.060
1.295
1.081
4.492
1.396
3.480
1.877
49.651
5970.567
1.715
2.694
2.079
21.527
490.641
1.657
1.880
1.125
4.365
23.863
17.615
4.901
2109.627
3.178
1.839
1.195
1.565
45.456
11.692
644.841
1.440
5.073
246.040
70.052
1.343
3.752
68.963
2.159
60.971
10.942
10.614
5.529
14.640
5.475
4.410
7.803
1.257
2.964
6.043
1.291
3303.546
1.588
5.438
1.597
9.770
7.103
6.862
1.214
6.897
1.355
36.380
3.675
5.560
13.402
1.183
17.032
14.752
15.855
3.369
7.765
1.635
4.531
19.078
9.041
8.873
3.026
16.117
13.908
1.339
6.507
1.009
175.237
2.198
1.047
64.461
2.223
1.595
1.147
25.122
3.469
2.780
7.150
9.160
1.123
4.694
10.683
4.270
11.683
1.674
3.257
1.122
1.029
9.751
1.468
3.388
3.402
1.416
2.583
4.243
104.268
2.484
37.187
1.922
1.714
39.872
5.346
1.164
3.500
10.898
1.847
23.283
22.301
1137.748
1.598
1.077
349.000
180.449
25.911
10.112
5.591
1.465
3.208
7.703
58.009
13.934
5.847
5.891
2.883
1.460
68.955
2.796
4.741
43.423
1.040
1.014
3.445
1.259
8.869
22.982
3.289
19.749
549.938
4.620
7.029
3.753
37.405
1.062
1.605
17.452
1.409
12.095
1.167
1.203
1.461
1.010
24.623
1.114
41394.891
28.297
8.761
1.360
35.139
4.344
3.074
2.559
3.700
311.078
6.255
93.362
3.466
1.244
4.174
8.277
1.272
8.044
1.182
1.050
2.331
2.477
5.741
1.092
1.056
4.823
8.580
5.197
1.644
1.858
228.198
1.601
5.628
6.689
3.323
3.764
11.856
2724.276
1.753
56.417
2.282
1.672
1.132
18.410
4.752
22.402
2.486
1163.909
10.876
22.526
10.434
1.138
2.054
1.049
1.090
1.394
1.029
1.917
3.795
3.952
9.310
2.849
262.501
3.183
3.017
1.132
7.691
87.151
11.498
1.518
58.115
18.292
5.574
2.907
11.359
2.883
1.378
3.856
3.455
1.426
1.283
1.750
1.194
1.442
19.149
1.769
17.398
5.070
16.278
2.654
1.090
3911.439
17.098
21.056
51.395
4.710
3.516
4.286
102.999
6.013
2.280
236.504
1.543
27.754
7.682
2.463
1.813
3.742
1.020
1.793
3.955
2.556
2.737
107.353
3.323
1.167
25.561
1.714
9.005
12.415
1.458
32.902
24.364
1251.932
1.143
7.273
8.544
1.353
1.945
2.471
1.107
11.573
13.219
1.168
9.485
62.384
2.934
9.009
3.714
1.475
2.009
1.210
1.969
1.901
1.497
1.012
1.200
1.935
4.176
1.775
1.074
1.964
2.518
1.933
3.092
1.717
1.003
1.848
7.335
1.128
1.268
1.409
1.269
13.436
1.766
1.574
7.824
1.493
2.277
1.596
1.164
1.210
1.734
1.926
1189.451
28.601
1.305
4.332
5.208
3.741
1.972
12.566
10.003
8.313
6.949
27.430
1.657
1.913
90.402
549.053
1.236
688.884
90.637
1.514
6.455
8.502
6.152
15.391
2.029
2.131
1.492
5.853
552.047
276.426
6.021
3.307
1.621
7.721
10.210
1.068
2.024
1.081
4.480
4.421
2.839
1.329
5.096
1.304
3.560
1.329
431.587
2.189
13.046
116.745
40.136
60.791
2.997
5.801
1.779
2.188
12.287
77.606
3.219
3.400
18.218
1.034
2.224
1.656
14.390
1.884
3.326
1.687
1106.574
1.523
7.376
369.787
5.746
4.675
1.299
1.447
5.805
5938.471
2.052
9.603
4.011
67.837
12.911
1.291
1.289
1.325
3.096
13.412
4.902
8.335
1.550
29.486
452.582
9.712
1.007
20.854
1.353
18.262
9.124
1.241
8.776
5.417
18.853
1.667
30.486
7.952
1.179
1.045
4.909
70.403
3.393
24.131
1.534
1.735
5.226
6.985
1.061
7.853
1.359
9.363
29.240
1.228
29.918
2.429
3.659
6.899
2.206
6.086
5.986
1.057
3.904
13.579
3.233
1.716
180.096
7.472
2.639
6.573
1.100
423.117
1.367
6.795
2.250
1.579
28.953
1.873
5310.222
8.196
2.768
3035.917
285.883
3.859
1.041
1.246
2.781
17.529
26.442
2.700
38.547
1495.797
1.293
5.755
1.468
2.186
3.247
10.635
2.010
7.089
2.930
3.772
1.622
1.723
40.350
1.456
1.023
6.057
67.316
3.492
3.815
1.639
42.663
1.152
12.973
4.931
20.751
3.882
161.689
6.246
65.461
7.993
2.018
2.502
11.836
1.500
54.257
1.302
4.137
1.776
2.080
2.341
1.322
11.646
13.463
3.314
443.856
3.206
6.813
16.302
264.078
57.732
15.248
4.756
5.676
1.657
16.003
4.277
3.654
35.132
4.892
15.340
4.219
5.476
1.536
12.189
3.875
2.100
1.744
1.051
3.489
1.274
1.097
1.091
4.699
263.943
1.097
7.640
1.035
2.751
2.150
5.321
7.551
29.936
26.548
3.207
1.461
26789.420
1.575
1.289
34.558
8.862
27.215
1.046
1.787
29.967
27.097
30.148
6.471
4.961
6.224
1.433
1.375
16.839
1.273
1.410
1.332
56.869
12260.743
7.328
1.472
23.560
21.060
3.276
38.951
4.480
72.109
1.481
1.472
48.077
1.335
3.227
2.660
39.834
286.926
2.798
1.732
2.440
1.039
1.092
1.102
14.086
1.166
1.382
7.400
17.397
2.832
158.947
12.889
170.937
6.861
22.668
3.212
534.469
26.229
3.626
139.417
1.369
1.435
3.741
2.167
86.827
2.864
1.479
10094.662
5.500
3.132
2.366
3.507
1.964
1.585
1.613
1.336
8.514
1.139
64.219
4.539
25.776
1.125
2.228
3.783
174.268
16.617
6.331
2.457
4.490
2.203
2.742
2.414
17.271
1.700
1.377
1.835
28.784
12.680
4.710
1.971
19.442
8.467
7.086
6.901
47.218
1.220
3.505
6.239
1.986
1.382
2.412
4.455
145.785
1.625
1.443
3.829
2.212
191.156
3.632
1.970
262.039
2.616
4.615
6.460
34.060
11.822
69.823
1.037
2.108
1.444
4.459
1.246
1.454
13.628
13.056
11.996
1.084
1.545
1.635
1.819
2.528
10.153
12.295
2.772
3.742
1.623
4.570
1.995
1.306
4.638
59.913
3.676
3.868
33.721
86.010
1.312
3.506
2.467
2.825
5.056
1.824
2.123
1.613
39.507
5.182
1.898
3.034
1.595
2.514
1.482
1.283
46.648
1.593
1.134
