-3.573
-4.472
-2.624
-5.573
-2.806
-3.594
-2.601
-2.240
-5.382
-3.543
-2.626
-3.157
-4.970
-4.686
-4.483
-3.246
-5.316
-4.222
-4.747
-2.721
-2.804
-1.287
-4.278
-3.019
-4.037
-2.346
-4.021
-2.104
-2.954
-4.203
-2.770
-1.531
-4.389
-2.015
-4.083
-2.526
0.099
-3.875
-2.956
-4.886
-2.615
-3.564
-5.302
-1.955
-3.818
-3.724
-2.906
-2.951
-1.743
-3.402
-4.035
-3.143
-2.630
-4.343
-5.629
-1.208
-2.869
-4.354
-2.805
-3.779
-3.789
-3.627
-4.462
-5.404
-1.040
-3.395
-3.347
-4.536
-4.109
-3.811
-4.552
-3.536
-1.865
-1.024
-1.439
-4.607
-5.743
-4.042
-0.961
-0.835
-4.457
-5.374
-1.744
-4.316
-4.192
-3.959
-3.386
-2.952
-3.326
-5.409
-5.104
-2.350
-1.265
-4.450
-4.019
-1.625
-5.584
-2.858
-7.544
-1.795
-2.054
-2.245
-1.881
-5.449
-3.151
-2.689
-5.450
-3.695
-4.584
-4.937
-5.002
-2.490
-3.046
-3.862
-1.260
-3.401
-4.343
-4.937
-2.847
-3.314
-1.374
-3.230
-2.677
-4.351
-4.217
-2.596
-4.518
-4.052
-0.368
-3.430
-2.866
-4.698
-3.730
-2.369
-3.394
-3.615
-2.004
-2.170
-3.360
-4.371
-2.758
-5.843
-3.979
-2.678
-3.226
-2.378
-4.991
-1.952
-3.513
-0.603
-5.908
-2.260
-4.955
-2.605
0.061
-2.776
-2.329
-0.465
-3.446
-0.317
0.060
-3.251
-4.406
-2.184
-1.409
-2.907
-3.699
-2.386
-3.385
-0.840
-3.201
-3.763
-2.855
-3.200
-3.617
-3.227
-4.535
-6.033
-3.602
-4.923
-2.709
-2.944
-2.957
-1.977
-3.941
-5.316
-3.934
-4.101
-4.218
-3.644
-2.215
-4.467
-4.236
-4.055
-3.961
-6.091
-2.956
-2.002
-1.832
-5.261
