-0.125 4.720 -3.603
-3.092 0.240 9.243
7.099 4.705 50.659
1.900 0.711 2.589
4.507 3.302 11.121
-1.719 -0.773 5.241
6.262 -1.570 29.876
-0.124 2.066 -0.148
-0.652 0.587 -2.670
-0.533 -1.276 -0.713
-9.143 -2.195 80.154
-1.723 -7.200 -58.433
-6.398 -0.785 41.362
1.332 2.904 -2.160
14.185 14.659 -0.720
2.475 3.127 -1.772
-4.110 -3.032 9.293
-6.433 -4.962 15.502
-10.831 11.199 102.487
1.893 9.617 -28.753
-6.373 -1.359 40.238
1.407 -1.205 1.015
1.416 1.288 0.999
3.141 5.129 -15.663
1.293 -1.525 -2.168
4.271 0.993 20.832
1.928 -4.096 -9.855
-0.209 -1.053 1.119
0.116 -2.125 -4.561
1.107 -1.584 -0.655
2.847 8.522 -60.437
-8.711 5.136 57.960
6.418 -0.736 39.831
4.468 3.973 6.647
0.534 -1.152 0.282
5.474 -1.283 27.245
0.398 1.929 -1.120
2.324 -0.265 2.023
0.565 -4.292 -14.340
6.399 -5.223 13.771
4.036 -0.755 20.900
-2.790 6.306 -26.386
-3.262 4.660 -10.879
-9.556 -0.465 98.141
-3.576 4.742 -11.332
2.244 3.071 -5.110
-0.139 -1.775 -1.748
4.390 1.582 17.712
1.913 5.254 2.976
1.193 2.452 -3.346
5.870 3.417 15.800
8.096 12.779 -96.991
-1.738 1.075 2.190
-7.155 -5.415 -16.994
3.604 1.756 0.219
10.923 -0.650 12.536
3.917 -3.789 -0.590
0.205 -2.003 -1.294
-2.581 -10.292 -3.923
4.330 3.554 6.092
-2.377 -5.980 -15.910
3.505 3.061 4.964
1.535 0.181 3.340
-4.012 -0.016 26.921
5.440 -1.605 17.708
-0.730 -11.799 -104.289
9.668 -3.047 76.437
-4.715 1.200 25.325
2.964 0.321 7.465
-0.034 -4.693 -26.236
-1.142 -1.519 0.061
-1.355 4.934 -0.541
0.894 -1.786 0.227
-5.507 -0.541 30.361
8.518 1.614 67.870
-3.167 -2.534 3.249
31.744 11.796 20.392
2.527 3.138 -2.352
-0.092 -0.375 0.826
-5.563 5.806 -5.455
4.442 -0.548 19.698
-3.708 -1.707 10.834
4.188 0.597 18.371
0.975 -0.466 4.126
-0.094 5.636 -34.589
-2.432 9.836 -118.017
11.288 21.970 -44.955
10.215 4.537 88.640
4.120 -3.119 130.705
-5.378 2.453 22.964
2.021 -1.997 2.478
-1.308 -5.471 -27.138
-0.126 1.051 0.919
0.290 2.236 8.934
4.509 -8.045 -45.161
-3.341 -0.894 12.105
-0.671 0.194 1.911
-1.004 1.233 5.708
-1.756 -3.246 -7.689
-0.605 9.899 -104.321
1.724 2.470 -2.197
-3.299 -3.778 -5.926
-1.628 7.131 -3.808
0.040 0.691 -0.218
-0.979 1.564 1.491
-2.956 -3.188 -1.102
0.373 -2.386 -3.423
9.592 0.480 91.174
3.749 0.988 14.589
2.742 0.598 8.204
0.585 -3.059 -7.326
19.034 7.499 10.014
-6.158 0.725 17.238
7.467 0.211 83.337
2.962 2.219 4.482
-1.612 1.635 2.702
6.957 3.239 1.345
-21.624 -107.180 -124.384
-1.433 0.790 0.645
1.141 -2.554 -5.167
0.989 3.113 -7.298
-5.180 0.347 40.126
-1.667 6.612 -40.424
-4.488 0.913 5.917
-4.210 -0.695 26.827
9.263 -0.982 24.495
0.798 2.477 -3.312
0.642 13.797 -140.938
5.755 -1.184 31.921
0.857 -0.200 2.050
-3.938 0.151 17.129
6.100 1.575 34.352
-0.729 0.820 0.206
3.390 -0.822 12.352
1.790 4.259 -14.029
-1.183 -6.475 -39.344
-7.293 2.491 50.504
-4.119 4.697 -10.575
1.386 1.701 0.394
-0.071 1.892 2.244
-3.624 3.586 10.822
-1.601 1.880 -1.936
5.039 -2.792 18.860
0.353 -1.194 0.710
2.184 3.313 -3.455
3.716 5.331 -13.865
3.979 -3.980 1.664
1.908 2.475 -0.609
5.968 1.075 33.797
-5.386 3.874 12.921
1.863 8.643 -73.132
2.059 -0.780 4.657
-2.734 1.490 4.487
-1.683 -0.842 1.589
-2.827 -7.392 -47.014
-0.230 -2.682 0.333
-1.659 -3.993 64.166
-0.650 -35.762 -6.323
-3.773 -1.467 12.438
-7.024 3.275 30.911
-1.555 -0.493 0.705
-6.924 4.822 36.321
-5.461 -0.326 27.330
-4.971 -4.114 8.268
1.406 2.182 -1.110
4.208 3.715 4.795
4.762 0.820 22.813
2.248 -5.302 -21.432
2.815 8.926 -52.925
3.689 1.572 11.855
-5.782 5.235 -11.412
3.551 -0.119 13.379
1.269 -1.147 1.240
5.842 0.183 33.746
6.205 7.491 4.401
0.690 2.908 -6.945
-0.182 -6.745 -33.770
3.004 -0.015 9.928
-0.665 5.327 3.470
-0.528 -3.002 -7.103
-5.675 -10.338 10.999
-1.255 4.856 -37.339
0.209 4.794 -21.391
-8.408 -1.430 69.616
-3.817 -5.826 -18.682
4.705 -1.703 21.330
2.061 4.839 -18.772
-1.607 -3.948 -12.263
-1.279 1.437 20.268
-2.479 -0.341 5.654
1.775 -0.875 2.595
1.456 0.107 3.210
-2.006 -4.221 -12.795
3.942 -2.945 5.973
0.873 7.940 10.240
2.347 0.781 5.850
-3.208 -4.026 -1.836
-8.944 6.051 51.448
-3.187 3.352 -1.675
5.073 0.340 25.463
4.163 3.390 4.467
1.465 -1.576 -1.172
-11.137 1.776 108.508
2.191 -3.949 -8.887
0.098 11.935 -99.829
-1.086 3.569 -4.836
3.287 -7.197 -40.404
-4.575 0.912 22.788
3.572 -2.263 28.326
0.419 2.266 -14.448
-1.850 -3.199 -5.410
-6.802 -9.808 -56.387
0.216 -0.391 0.954
-6.562 2.698 46.067
-2.326 4.536 -18.261
2.648 0.776 1.766
-1.458 -9.864 -77.585
-0.899 -4.151 -15.411
-6.468 0.395 44.592
2.793 -3.416 -15.935
2.169 3.948 -20.766
0.202 4.052 -13.660
-0.878 2.140 -3.735
4.577 2.080 18.277
0.448 -4.957 -24.285
-0.929 -3.542 -8.608
-3.527 -5.915 -20.887
3.048 2.736 4.804
0.723 3.274 -6.454
-1.977 -2.452 -3.182
-0.258 -4.787 -14.749
-2.215 -0.923 4.246
-26.767 -1.767 1.026
-0.804 5.595 -24.649
-3.529 -1.132 11.759
-7.845 2.633 49.381
0.680 -2.408 1.943
-3.223 1.728 12.276
0.818 1.925 -2.204
-0.533 -2.091 -2.827
-1.481 -0.476 2.967
-5.721 -5.276 -8.130
-2.574 -3.695 -2.084
2.623 -6.744 -43.542
-75.254 -225.894 -73.784
0.351 3.618 -1.095
2.921 0.488 9.443
-0.494 5.514 -17.664
-3.492 1.930 11.366
5.578 -2.574 25.529
3.588 3.629 -0.348
11.812 2.499 0.530
2.474 4.552 -14.224
0.077 -2.959 -8.083
-4.219 -3.460 12.471
6.632 1.326 52.396
-1.492 0.666 10.287
1.036 1.502 -0.167
-2.502 -5.545 -24.443
-2.083 -0.837 5.220
2.769 3.537 0.242
-3.161 -3.148 0.845
1.038 1.013 0.777
2.816 -3.836 -9.893
-1.933 -3.563 -9.913
1.876 -4.640 8.437
0.192 -0.739 0.139
-6.271 -7.103 1.403
-2.240 0.625 6.197
-0.900 2.566 0.844
5.945 -3.076 25.472
-2.532 1.315 -1.064
-10.739 -14.877 91.691
-0.246 7.430 -59.270
-2.272 3.475 -3.141
4.616 -6.248 -13.966
2.512 -1.536 -0.506
4.524 5.672 -14.939
-11.962 4.233 79.547
-2.733 3.180 -2.828
6.562 3.719 30.341
1.014 3.227 -10.688
0.834 -9.578 -47.393
58.296 34.752 13.569
3.563 0.473 13.532
-0.034 -9.805 -111.092
-2.138 9.966 -103.872
1.981 -4.511 -32.377
1.535 -0.602 3.306
1.028 2.675 -3.610
3.381 -3.913 3.537
6.939 -1.080 35.417
-2.927 -2.287 -9.987
-1.971 -2.015 0.537
0.877 2.686 -8.910
-2.228 7.037 -45.196
7.074 4.990 25.424
6.811 -3.408 35.914
-4.017 1.103 -5.711
-1.399 0.600 3.221
-2.341 1.117 -11.175
0.435 -3.932 -14.186
4.838 -0.188 24.782
-5.379 -3.167 -6.235
-1.529 0.137 3.044
-2.813 -1.861 3.552
1.648 -5.648 -12.236
-0.244 1.908 -2.317
6.500 -0.402 42.751
-3.413 3.791 -1.114
-3.665 -5.096 -11.793
-0.424 0.837 3.314
-3.013 4.996 -19.290
5.341 5.239 8.064
1.117 -1.500 2.182
-0.766 8.134 -64.439
-0.630 7.294 -38.082
2.415 -1.209 7.176
-1.975 -4.679 -14.401
4.445 0.023 21.673
-0.030 -0.093 0.990
6.397 -7.063 -31.148
7.066 3.774 35.870
-5.098 -5.308 -11.698
-2.846 5.589 -36.480
2.175 -5.077 -24.591
-1.352 -0.929 2.010
5.306 2.464 23.856
-0.941 8.172 -60.548
-0.549 4.869 -22.724
5.305 -3.133 27.134
-7.320 4.929 26.716
-1.071 -1.022 0.984
-5.665 0.636 32.188
3.403 -2.466 11.512
1.548 5.550 -27.137
2.650 5.771 -23.114
-3.773 2.559 6.796
-1.777 4.905 -13.654
7.102 -4.125 36.921
-4.020 1.312 19.159
-3.276 -4.274 -7.310
-2.231 -0.646 2.410
-0.099 1.424 -0.809
-2.534 7.274 -41.180
1.988 0.029 5.287
1.452 -1.606 -5.371
-0.058 7.732 -60.471
-3.004 3.506 -3.230
2.401 6.329 -27.491
-3.519 8.725 -59.522
-6.314 0.540 42.425
-2.330 4.911 -21.690
89.694 65.599 15.235
3.451 -1.499 9.880
5.082 -0.218 23.571
-0.568 -1.207 -0.231
-3.244 -3.941 0.795
-1.431 -5.086 -23.696
-6.054 3.307 20.533
7.248 -0.946 55.389
-3.993 4.151 0.747
-4.943 -1.661 21.757
-0.343 0.828 3.058
0.684 1.252 -0.063
5.520 -3.875 15.908
7.722 -7.212 1.404
-0.315 -0.089 4.183
0.801 -2.359 -5.505
-1.106 2.594 -6.811
1.641 4.461 0.622
4.803 -6.934 -1.136
4.110 -1.451 16.135
2.614 -0.875 -1.596
0.158 1.006 1.457
-2.328 3.507 -13.333
-1.224 -5.496 -27.771
2.383 0.764 8.081
-3.229 -2.490 2.492
-17.697 -14.655 -19.303
5.098 6.954 -29.614
1.657 -1.346 4.351
10.745 17.022 96.449
2.007 4.403 -23.330
-5.493 -4.845 9.654
2.306 -0.171 6.272
2.247 -1.031 4.854
6.993 -6.680 4.247
-3.291 8.943 18.780
4.143 -3.602 4.979
-6.328 -0.252 46.353
-0.868 3.136 -7.950
4.694 -1.760 19.716
4.314 3.540 5.525
-2.360 0.995 8.501
4.910 -4.524 7.939
-0.914 1.758 0.876
-19.017 -58.644 -31.507
1.724 4.246 -15.280
-0.652 3.347 4.606
-0.177 2.239 0.632
2.595 1.541 2.267
3.213 0.668 11.023
-1.497 6.312 -31.341
0.056 -3.698 -10.069
-4.177 -2.020 7.372
-1.995 -5.932 -28.261
4.285 5.164 34.529
6.894 -1.451 43.929
-5.155 1.034 31.121
-3.773 2.022 11.986
2.669 -4.382 -8.191
6.177 -0.087 38.498
-5.925 -3.735 23.039
15.591 6.914 47.661
5.511 2.155 26.516
-1.632 -5.081 -15.360
0.849 -2.509 -3.841
-1.193 -6.632 -41.618
1.747 -1.417 1.786
-1.916 -2.127 -0.315
-7.979 5.582 15.597
-4.081 1.039 14.171
5.356 8.152 -30.713
-5.484 -3.153 -3.975
2.610 3.158 -0.044
7.033 -5.208 -51.930
-2.230 -4.778 -16.664
4.090 4.396 -9.386
0.730 -5.234 10.331
-2.304 0.426 6.625
1.687 -2.073 -7.302
3.009 0.601 9.122
-6.271 -7.419 -19.095
-1.091 29.713 31.882
3.594 -2.143 20.399
-7.779 2.716 102.234
1.383 -3.621 -8.008
-3.377 4.382 -8.103
-0.838 -4.515 -17.695
3.946 1.152 15.330
14.356 -3.678 8.112
10.769 -3.849 103.737
2.552 -2.213 -4.914
-4.357 -2.545 17.033
1.276 -0.693 4.912
2.421 -4.640 -14.859
-5.360 0.931 30.661
3.127 -2.189 9.609
-1.539 -3.637 -8.317
-7.017 -3.694 48.750
4.557 1.398 19.285
5.222 4.624 -0.587
5.981 5.050 -14.643
6.274 -4.659 31.698
-3.898 -14.410 -190.140
-2.110 1.345 -3.873
-2.820 1.949 11.871
-2.913 0.775 5.448
1.224 -1.735 -0.018
2.083 -11.534 -23.237
-4.085 -1.468 11.583
-2.941 0.474 8.972
-268.837 -75.043 -81.284
2.861 3.937 -7.120
-4.077 3.171 12.881
-0.637 -0.442 0.263
-9.678 -3.491 24.618
1.082 3.443 -9.690
-4.340 6.693 -25.210
1.468 2.304 -3.362
-0.406 0.121 1.745
0.950 -1.996 -1.552
-6.259 11.406 -87.109
-4.619 5.709 -74.430
-6.643 2.226 41.664
-6.448 -2.732 12.515
-4.948 -2.948 15.465
-3.423 2.370 9.536
-2.885 1.300 6.148
4.259 8.412 -50.890
2.993 0.842 11.596
5.547 6.746 -11.165
5.259 1.899 25.330
0.674 7.033 -48.547
-1.134 -1.478 -1.006
-2.186 -4.164 -7.937
-9.261 3.000 58.834
-5.821 1.581 30.603
12.522 4.833 49.325
-0.393 -1.468 1.147
1.383 -0.543 2.966
-4.212 0.783 16.578
1.923 -1.650 1.607
3.320 2.705 5.551
-1.458 5.677 -35.893
-4.206 -8.688 5.092
1.516 1.445 4.139
1.963 0.819 4.576
0.050 -0.024 2.720
