0.691 -0.714
-3.828 2.068
-0.171 4.047
-3.831 -0.335
7.500 -1.400
-0.804 3.659
2.994 2.139
2.651 1.004
-1.340 3.954
-1.607 -0.503
1.004 4.277
-4.343 2.181
-3.569 2.466
1.100 3.995
-2.060 3.521
2.455 4.805
0.672 5.048
0.826 0.979
0.125 0.128
-3.419 -0.102
-0.074 0.380
3.709 2.373
8.000 5.300
-2.890 1.733
1.449 -0.004
3.358 4.236
0.420 4.042
-0.958 3.740
2.451 1.647
7.851 6.260
-2.159 4.534
2.781 -0.268
0.121 4.168
3.543 3.931
7.353 6.268
-4.073 1.616
-0.219 -0.504
-3.495 3.125
-2.986 2.489
1.243 0.969
-3.952 1.294
-4.081 2.294
-3.146 2.738
8.000 6.700
-2.505 -0.635
0.246 0.159
-2.624 2.389
8.200 -1.600
7.800 -1.600
7.353 5.732
-3.583 2.313
0.245 4.119
2.943 1.376
1.432 4.245
2.590 4.476
3.695 1.991
2.590 0.947
-3.687 0.092
-2.100 0.122
-2.493 -0.822
3.703 2.020
-0.409 -0.229
-3.014 3.105
0.618 0.076
0.376 4.372
-3.353 2.529
-3.270 -0.680
3.428 2.038
2.776 0.840
-3.233 0.054
0.868 4.474
3.446 -0.010
3.536 1.843
-4.024 -0.609
-3.980 2.714
-3.248 2.680
-2.071 -1.060
-3.290 -0.631
-2.633 3.122
-2.932 -0.789
-4.309 -0.271
-0.794 0.626
1.454 4.027
-3.584 -0.709
3.892 4.059
2.383 -0.495
2.186 4.284
3.850 2.163
3.718 0.798
4.043 4.390
-3.676 -0.196
2.737 1.533
3.989 2.039
-3.766 2.242
2.340 1.181
-1.783 -0.880
1.545 3.478
4.084 1.852
-3.434 2.440
0.728 -0.295
3.739 4.828
8.100 -1.200
1.670 4.146
2.931 4.106
-1.474 3.800
0.725 4.809
-2.924 0.051
-2.426 0.012
-2.609 2.958
7.732 5.353
-3.867 2.117
8.000 5.600
3.491 4.678
-3.380 -0.204
8.268 5.353
3.247 1.202
-2.674 -0.621
3.590 4.155
7.700 -1.400
-3.465 3.493
-1.421 4.881
0.948 4.512
2.396 0.809
-1.875 3.948
3.784 1.588
1.188 0.485
-3.730 2.816
-3.805 2.066
1.283 0.466
1.833 4.412
-3.650 2.444
-0.992 0.495
-3.303 2.455
-3.751 2.731
3.434 4.208
1.961 4.455
-3.638 2.528
-0.854 0.032
-3.765 2.580
0.653 3.932
4.005 4.034
-3.465 -0.326
2.777 4.057
3.475 3.816
-1.458 -0.280
-1.462 0.049
-0.579 0.078
1.163 0.567
-2.178 3.116
3.633 2.302
3.657 2.157
3.546 4.622
3.548 4.764
0.651 0.387
3.761 1.393
2.460 3.870
-3.775 2.162
-2.656 2.762
7.500 -1.200
-0.480 3.855
1.887 3.994
-3.485 2.197
-1.412 3.556
-0.246 -0.277
2.609 4.362
4.057 1.073
-2.456 2.949
-3.728 2.545
8.300 -1.200
-1.701 0.065
1.660 4.266
-3.733 1.825
-0.166 0.193
0.605 3.900
8.647 5.732
7.765 5.676
7.505 6.495
-3.685 -0.656
-4.153 2.420
-0.583 -0.027
4.142 1.715
-1.223 -0.014
4.310 1.589
8.150 -1.400
2.674 4.425
0.145 2.528
0.711 0.343
-4.018 0.213
-1.726 -0.561
-1.717 3.737
3.687 2.001
-3.451 2.521
2.639 0.995
-4.324 -0.165
3.071 1.001
-2.791 -0.691
-2.533 -1.003
0.472 3.770
0.839 4.141
8.235 5.676
-2.209 0.225
-1.554 0.150
3.129 4.090
3.356 4.613
2.964 1.190
-2.196 3.192
1.446 4.336
-3.165 -0.822
2.465 4.413
-3.763 2.399
-4.129 -0.814
2.235 0.746
-1.927 3.485
7.620 5.876
3.688 4.163
2.477 4.478
3.348 2.488
-2.886 2.676
-3.146 -0.220
3.459 4.892
-3.477 2.585
8.380 5.876
3.506 1.052
1.762 0.551
7.505 5.505
7.800 -1.000
0.599 0.515
-3.840 1.892
1.748 4.178
3.786 4.477
-3.574 2.362
0.871 0.336
3.945 1.801
-3.755 -0.607
7.500 -1.000
-1.611 3.649
-1.827 2.949
2.107 4.153
-1.819 -0.118
-4.384 1.819
2.158 -0.021
-0.482 -0.128
1.698 3.865
-0.061 -0.639
-2.077 -0.462
8.150 6.260
3.004 1.447
-4.085 -0.424
-4.013 0.106
3.565 4.157
-2.726 -0.445
-2.305 0.034
-4.312 -0.502
-2.797 3.028
3.664 1.034
2.720 0.951
4.101 2.552
-2.944 3.060
3.623 1.916
0.273 0.048
-0.932 4.534
2.221 -0.590
4.205 4.372
8.268 6.647
3.358 1.450
0.941 -0.027
-0.551 4.057
4.097 1.674
1.690 0.738
3.582 4.285
-3.734 3.353
4.086 1.705
-3.723 2.248
-1.461 -0.377
-3.412 2.496
2.032 0.389
4.104 0.547
1.243 0.351
-3.477 -0.976
-2.090 -0.098
1.670 -0.064
-1.687 3.514
1.226 4.029
3.951 4.151
0.058 0.075
3.424 1.441
-0.144 4.384
-2.808 -0.328
7.300 6.000
4.100 2.036
4.001 4.255
1.353 4.019
-3.168 0.432
-3.187 3.000
3.755 4.149
-2.882 3.015
-2.684 -0.567
1.584 0.288
3.597 1.611
-3.285 -0.025
-1.169 3.226
-4.125 0.227
-3.948 -0.170
2.404 0.730
-1.996 3.566
2.417 0.691
-3.087 -0.070
-3.340 -0.267
3.805 1.242
3.475 4.378
-3.439 2.826
-0.745 3.847
-3.737 2.537
8.350 -1.000
4.260 4.633
3.267 0.830
0.539 0.517
-3.573 2.213
0.164 -0.058
-2.592 3.765
3.213 4.157
3.341 0.939
3.829 4.116
4.066 4.232
-2.804 3.297
-0.872 3.609
-0.788 -0.562
4.224 4.466
2.593 1.175
2.379 0.506
-0.114 3.906
2.963 4.338
-0.600 3.556
-0.736 -0.192
-3.885 2.891
-3.068 -0.648
-0.968 3.589
0.588 4.030
2.486 1.051
4.194 4.353
-2.809 -1.070
1.907 0.781
3.211 4.357
-2.811 -1.094
3.366 3.841
4.246 4.890
-2.231 2.597
4.185 3.847
-3.970 2.058
2.950 1.947
0.177 0.879
-4.162 -0.245
-4.032 -0.291
2.314 -0.136
4.348 2.263
-3.715 2.243
2.936 0.872
-0.429 4.484
-3.972 -0.406
-3.322 -0.288
1.456 3.951
0.620 4.113
1.297 0.286
-0.798 -0.304
1.017 4.396
4.135 4.005
-3.485 2.361
-3.776 2.828
4.202 4.817
1.788 0.848
-1.060 -0.462
-0.589 -0.935
7.800 -1.400
-2.437 2.992
2.991 0.811
3.631 1.919
8.700 6.000
1.191 4.040
-2.263 3.255
3.721 1.533
3.065 4.089
-0.562 3.367
-3.386 -0.466
0.467 0.176
2.220 0.016
0.047 -0.034
3.156 1.762
1.190 -1.630
-0.973 -0.065
1.389 4.973
4.092 2.400
-1.549 -0.003
-3.338 2.497
1.619 3.944
-0.109 3.838
-1.192 -0.511
3.038 0.890
2.265 4.441
-3.760 0.084
-3.222 -0.378
3.878 1.945
-2.549 -0.700
8.647 6.268
3.669 1.541
-4.309 -0.835
3.646 1.198
-2.936 2.720
1.717 4.252
3.036 1.508
-4.069 -0.221
-2.838 -0.415
-1.730 3.608
-2.455 3.181
1.410 0.146
0.089 0.146
8.050 -1.000
-4.154 -0.353
2.650 0.963
2.662 4.298
2.640 1.037
-3.718 2.052
8.495 6.495
1.063 0.252
1.726 4.267
-3.156 2.602
-3.720 2.073
-2.894 3.058
7.500 -1.600
2.876 4.305
0.013 3.927
8.495 5.505
7.732 6.647
8.250 -1.400
-3.953 1.983
-2.675 2.945
-2.859 -0.955
-2.569 3.418
-1.167 0.146
1.659 3.693
-3.928 1.923
-3.003 3.049
-2.728 3.030
-3.878 2.539
0.498 0.302
3.975 2.928
-3.894 2.181
4.131 1.776
4.277 2.114
-1.348 0.189
3.687 1.592
3.904 1.562
-3.736 0.109
-0.316 3.834
3.952 3.830
-3.053 3.039
2.893 0.855
4.093 3.548
-3.084 -0.163
-1.555 3.330
-3.357 2.287
7.600 -1.200
3.287 1.350
-1.289 -0.429
2.524 0.585
2.769 0.937
-1.587 -0.318
3.781 4.294
3.688 3.952
-0.802 4.158
3.662 1.309
-3.759 1.499
-0.961 -0.171
1.930 3.164
3.271 1.388
-3.941 0.494
3.465 1.377
3.460 1.601
-2.296 -0.627
0.143 3.997
-2.705 2.842
-1.226 4.463
1.994 1.303
-3.426 2.515
3.014 4.483
-2.727 2.929
1.247 0.270
3.575 4.118
-1.788 4.269
-1.675 3.460
-0.204 -0.888
1.606 3.545
-1.953 4.113
3.391 4.775
3.579 4.669
-0.025 4.008
-1.098 3.035
3.894 1.845
-2.588 -0.542
0.118 4.534
2.183 4.797
1.684 0.214
-1.110 -0.777
-3.967 -0.036
-0.482 3.985
-0.498 3.862
-1.334 -0.339
-1.498 -0.250
3.289 1.562
1.777 0.414
-3.861 1.848
1.373 4.495
-3.616 1.745
1.757 0.582
-1.338 4.204
1.621 0.055
-4.222 -1.367
-1.859 -0.711
-1.896 -0.171
0.694 4.224
2.981 1.079
-1.446 4.108
-0.144 3.985
-1.239 3.850
3.623 2.773
3.811 4.948
3.564 1.300
7.800 -1.200
2.275 0.937
2.582 4.193
1.147 4.411
-4.193 1.742
-2.184 -0.614
0.540 4.072
2.292 0.883
4.355 4.536
3.336 1.242
1.035 3.707
-3.861 2.570
-1.026 3.740
1.401 4.429
